  Run_nr	    Time	   Alpha	Delta_Pb	   P_bar	       T	      Fx	      Fy	      Fz	     rpm	     Rho
       /	   H:M:S	 degrees	      Pa	      Pa	 degr._C	       N	       N	       N	   1/min	  kg/m^3
       1	 16:19:25	  -4.000	  135.00	 1005.79	   22.42	   0.422	  -2.714	  -0.171	   885.4	   1.185
       2	 16:19:42	  -3.000	  135.27	 1005.82	   22.51	   0.379	  -1.711	  -0.170	   884.6	   1.185
       3	 16:20:12	  -2.607	  135.75	 1005.85	   22.62	   0.378	  -1.188	  -0.163	   885.0	   1.185
       4	 16:21:26	  -4.000	  134.33	 1005.86	   22.75	   0.428	  -2.732	  -0.178	   884.8	   1.184
       5	 16:21:44	  -3.000	  136.37	 1005.82	   22.77	   0.374	  -1.706	  -0.167	   884.7	   1.184
       6	 16:22:04	  -2.000	  135.45	 1005.76	   22.77	   0.361	  -0.636	  -0.155	   885.1	   1.184
       7	 16:22:19	  -1.000	  136.81	 1005.83	   22.80	   0.371	   0.569	  -0.137	   885.1	   1.184
       8	 16:22:31	   0.000	  136.27	 1005.82	   22.81	   0.392	   1.849	  -0.131	   885.1	   1.184
       9	 16:22:50	   1.000	  136.58	 1005.79	   22.83	   0.433	   3.666	  -0.114	   884.5	   1.184
      10	 16:23:02	   2.000	  135.55	 1005.80	   22.84	   0.473	   4.880	  -0.103	   885.1	   1.184
      11	 16:23:12	   3.000	  136.40	 1005.82	   22.86	   0.531	   6.110	  -0.097	   884.9	   1.184
      12	 16:23:26	   4.000	  136.70	 1005.82	   22.88	   0.590	   7.461	  -0.094	   884.7	   1.184
      13	 16:23:38	   5.000	  137.44	 1005.82	   22.89	   0.676	   8.762	  -0.100	   884.7	   1.184
      14	 16:23:53	   6.000	  137.05	 1005.80	   22.90	   0.763	  10.051	  -0.107	   885.2	   1.184
      15	 16:24:03	   7.000	  137.95	 1005.86	   22.92	   0.866	  11.404	  -0.111	   885.0	   1.184
      16	 16:24:15	   8.000	  134.97	 1005.78	   22.94	   0.986	  12.495	  -0.123	   885.0	   1.183
      17	 16:24:30	   9.000	  134.30	 1005.79	   22.96	   1.115	  13.600	  -0.138	   884.8	   1.183
      18	 16:24:47	  10.000	  134.71	 1005.83	   22.98	   1.268	  14.703	  -0.160	   884.9	   1.183
      19	 16:25:03	  11.000	  136.49	 1005.77	   22.98	   1.427	  15.621	  -0.178	   884.5	   1.183
      20	 16:25:19	  12.000	  133.69	 1005.80	   22.99	   1.587	  16.071	  -0.209	   884.5	   1.183
      21	 16:25:33	  13.000	  134.89	 1005.80	   23.00	   1.798	  16.905	  -0.241	   884.9	   1.183
      22	 16:25:46	  14.000	  135.05	 1005.80	   23.02	   2.025	  17.034	  -0.261	   884.9	   1.183
      23	 16:26:08	  14.200	  134.13	 1005.80	   23.02	   2.075	  16.854	  -0.261	   885.0	   1.183
      24	 16:26:22	  14.400	  134.45	 1005.79	   23.04	   2.163	  16.942	  -0.264	   884.8	   1.183
      25	 16:26:36	  14.600	  134.56	 1005.81	   23.06	   2.233	  17.004	  -0.266	   884.8	   1.183
      26	 16:26:58	  14.600	  132.89	 1005.81	   23.08	   2.183	  16.578	  -0.263	   884.8	   1.183
      27	 16:27:10	  14.800	  137.22	 1005.78	   23.09	   2.285	  16.936	  -0.270	   884.9	   1.183
      28	 16:27:22	  15.000	  135.61	 1005.74	   23.09	   2.389	  17.003	  -0.271	   885.0	   1.183
      29	 16:27:35	  15.200	  135.47	 1005.69	   23.10	   2.429	  16.693	  -0.270	   884.8	   1.183
      30	 16:27:47	  15.400	  134.79	 1005.73	   23.10	   2.510	  16.606	  -0.274	   884.6	   1.183
      31	 16:28:03	  15.600	  132.52	 1005.73	   23.11	   3.967	  15.705	  -0.180	   885.2	   1.183
      32	 16:28:42	  15.800	  132.66	 1005.69	   23.14	   4.105	  15.573	  -0.182	   885.1	   1.182
      33	 16:28:58	  16.000	  133.51	 1005.74	   23.16	   4.160	  15.213	  -0.181	   884.7	   1.182
      34	 16:29:13	  16.200	  134.24	 1005.75	   23.16	   4.277	  15.110	  -0.184	   884.8	   1.182
      35	 16:29:23	  16.400	  133.42	 1005.76	   23.17	   4.324	  14.780	  -0.195	   885.2	   1.182
      36	 16:29:36	  16.600	  132.52	 1005.68	   23.18	   4.384	  14.631	  -0.189	   884.7	   1.182
      37	 16:29:49	  16.800	  133.69	 1005.69	   23.19	   4.467	  14.403	  -0.188	   885.1	   1.182
      38	 16:30:03	  17.000	  135.08	 1005.68	   23.20	   4.533	  14.343	  -0.199	   884.9	   1.182
      39	 16:30:19	  17.200	  130.10	 1005.74	   23.21	   4.450	  13.686	  -0.200	   885.1	   1.182
      40	 16:30:35	  17.500	  133.03	 1005.78	   23.22	   4.661	  13.918	  -0.215	   884.9	   1.182
      41	 16:30:48	  18.000	  131.10	 1005.75	   23.23	   4.711	  13.433	  -0.231	   885.0	   1.182
      42	 16:31:00	  18.500	  131.93	 1005.75	   23.23	   4.869	  13.406	  -0.235	   885.0	   1.182
      43	 16:31:25	  19.000	  131.98	 1005.73	   23.25	   5.019	  13.325	  -0.249	   884.9	   1.182
      44	 16:31:39	  19.500	  131.07	 1005.73	   23.25	   5.103	  13.147	  -0.247	   885.0	   1.182
      45	 16:31:55	  20.000	  132.03	 1005.68	   23.26	   5.327	  13.314	  -0.236	   884.9	   1.182
      46	 16:32:11	  19.500	  131.12	 1005.79	   23.27	   5.119	  13.160	  -0.245	   885.3	   1.182
      47	 16:32:25	  19.000	  134.32	 1005.73	   23.27	   5.074	  13.474	  -0.249	   885.0	   1.182
      48	 16:32:41	  18.500	  133.21	 1005.67	   23.28	   4.854	  13.345	  -0.244	   885.4	   1.182
      49	 16:32:57	  18.000	  131.88	 1005.72	   23.30	   4.747	  13.531	  -0.234	   884.7	   1.182
      50	 16:33:09	  17.500	  133.47	 1005.76	   23.31	   4.688	  13.992	  -0.212	   885.6	   1.182
      51	 16:33:26	  17.000	  133.30	 1005.83	   23.31	   4.527	  14.251	  -0.190	   885.2	   1.182
      52	 16:33:44	  16.800	  133.66	 1005.78	   23.32	   4.465	  14.471	  -0.190	   884.7	   1.182
      53	 16:33:54	  16.600	  132.58	 1005.77	   23.33	   4.375	  14.432	  -0.186	   885.1	   1.182
      54	 16:34:07	  16.400	  133.40	 1005.80	   23.33	   4.316	  14.569	  -0.186	   884.7	   1.182
      55	 16:34:17	  16.200	  131.31	 1005.80	   23.33	   4.214	  14.748	  -0.180	   884.9	   1.182
      56	 16:34:29	  16.000	  131.49	 1005.77	   23.34	   4.177	  15.304	  -0.175	   885.4	   1.182
      57	 16:34:43	  15.800	  133.84	 1005.76	   23.35	   4.125	  15.840	  -0.176	   884.9	   1.182
      58	 16:34:54	  15.600	  132.76	 1005.76	   23.35	   3.989	  15.979	  -0.180	   884.9	   1.182
      59	 16:35:07	  15.400	  133.84	 1005.78	   23.35	   3.849	  16.019	  -0.175	   885.3	   1.182
      60	 16:35:23	  15.200	  133.81	 1005.75	   23.35	   3.684	  16.418	  -0.184	   884.8	   1.182
      61	 16:35:33	  15.000	  136.38	 1005.75	   23.35	   2.372	  16.860	  -0.267	   884.7	   1.182
      62	 16:35:45	  14.800	  134.40	 1005.79	   23.35	   2.296	  16.833	  -0.266	   885.3	   1.182
      63	 16:35:55	  14.600	  133.96	 1005.75	   23.36	   2.218	  16.759	  -0.255	   884.9	   1.182
      64	 16:36:08	  14.400	  132.95	 1005.74	   23.36	   2.141	  16.745	  -0.249	   885.1	   1.182
      65	 16:36:20	  14.200	  136.36	 1005.74	   23.35	   2.101	  17.072	  -0.248	   885.0	   1.182
      66	 16:36:34	  14.000	  135.55	 1005.76	   23.36	   2.017	  17.016	  -0.244	   884.7	   1.182
      67	 16:36:52	  13.000	  135.56	 1005.69	   23.38	   1.798	  16.857	  -0.228	   885.1	   1.182
      68	 16:37:08	  12.000	  135.36	 1005.70	   23.38	   1.625	  16.417	  -0.200	   884.7	   1.182
      69	 16:37:22	  11.000	  135.21	 1005.68	   23.38	   1.450	  15.740	  -0.171	   884.8	   1.181
      70	 16:37:32	  10.000	  135.91	 1005.69	   23.40	   1.274	  14.770	  -0.145	   885.0	   1.181
      71	 16:37:44	   9.000	  134.61	 1005.71	   23.40	   1.120	  13.609	  -0.127	   884.5	   1.181
      72	 16:38:01	   8.000	  134.49	 1005.73	   23.41	   0.991	  12.539	  -0.110	   885.0	   1.181
      73	 16:38:09	   7.000	  136.46	 1005.74	   23.42	   0.880	  11.339	  -0.098	   884.9	   1.181
      74	 16:38:32	   6.873	  135.10	 1005.78	   23.42	   0.858	  11.106	  -0.100	   884.8	   1.181
      75	 16:38:50	   4.000	  134.29	 1005.73	   23.41	   0.598	   7.388	  -0.087	   884.8	   1.181
      76	 16:39:05	   2.000	  135.54	 1005.71	   23.42	   0.475	   4.908	  -0.094	   884.9	   1.181
      77	 16:39:21	  -0.000	  134.59	 1005.70	   23.41	   0.396	   1.856	  -0.125	   885.1	   1.181
      78	 16:39:39	  -2.000	  136.93	 1005.72	   23.42	   0.374	  -0.611	  -0.145	   885.0	   1.181
      79	 16:40:00	  -4.000	  134.44	 1005.72	   23.44	   0.437	  -2.704	  -0.168	   884.6	   1.181
