0.000000 -0.149607
0.003563 -0.155242
0.013333 -0.206184
0.036611 -0.244247
0.072922 -0.294576
0.113560 -0.344751
0.155914 -0.416431
0.199133 -0.463195
0.242844 -0.519120
0.286863 -0.574279
0.331052 -0.639289
0.375313 -0.688008
0.419599 -0.759610
0.463879 -0.759610
0.508156 -0.812699
0.552486 -0.824889
0.596922 -0.836963
0.641369 -0.812661
0.685790 -0.822857
0.730240 -0.832785
0.774736 -0.828108
0.819311 -0.821707
0.863859 -0.819944
0.908108 -0.825310
1.000000 -0.807256
0.000000 -0.793495
0.004312 -0.779313
0.014715 -0.760454
0.039248 -0.731054
0.077951 -0.694677
0.120143 -0.673940
0.163228 -0.635456
0.206701 -0.602606
0.250379 -0.550283
0.294155 -0.503059
0.337977 -0.772950
0.381868 -0.850571
0.425753 -0.873838
0.469628 -0.832900
0.513506 -0.797750
0.557366 -0.804726
0.601208 -0.758806
0.645050 -0.724192
0.688901 -0.685248
0.732801 -0.682450
0.776778 -0.659489
0.820797 -0.622998
0.864798 -0.614182
1.000000 -0.610157
