0.000000 0.943980
0.003563 0.501484
0.013333 0.281041
0.036611 -0.098017
0.072922 -0.313323
0.113560 -0.389487
0.155914 -0.415783
0.199133 -0.464157
0.242844 -0.484242
0.286863 -0.477496
0.331052 -0.432342
0.375313 -0.450894
0.419599 -0.441695
0.463879 -0.420037
0.508156 -0.384006
0.552486 -0.351770
0.596922 -0.316121
0.641369 -0.291091
0.685790 -0.273305
0.730240 -0.263953
0.774736 -0.246359
0.819311 -0.062445
0.863859 -0.012883
0.908108 0.018089
1.000000 0.038634
0.000000 0.930181
0.004312 0.047757
0.014715 -0.251993
0.039248 -0.301671
0.077951 -0.303434
0.120143 -0.282773
0.163228 -0.260733
0.206701 -0.245170
0.250379 -0.234054
0.294155 -0.224740
0.337977 -0.214889
0.381868 -0.205382
0.425753 -0.196758
0.469628 -0.185374
0.513506 -0.175024
0.557366 -0.162720
0.601208 -0.147579
0.645050 -0.130368
0.688901 -0.111663
0.732801 -0.094107
0.776778 -0.076436
0.820797 -0.062752
0.864798 -0.053897
1.000000 0.038634
