0.000000 1.078986
0.003563 1.097845
0.013333 1.089834
0.036611 1.083318
0.072922 1.093629
0.113560 1.072662
0.155914 1.090946
0.199133 1.089873
0.242844 1.095776
0.286863 1.071205
0.331052 0.989905
0.375313 0.877019
0.419599 0.889592
0.463879 0.941952
0.508156 1.040310
0.552486 1.040272
0.596922 1.062082
0.641369 1.035826
0.685790 1.038125
0.730240 1.056831
0.774736 1.051695
0.819311 1.054838
0.863859 1.051005
0.908108 1.065839
1.000000 1.068560
0.000000 1.075000
0.004312 1.086269
0.014715 1.096197
0.039248 1.086193
0.077951 1.083088
0.120143 1.090984
0.163228 1.078450
0.206701 1.095277
0.250379 1.089336
0.294155 1.078948
0.337977 1.084315
0.381868 0.785561
0.425753 0.784947
0.469628 0.745658
0.513506 0.764785
0.557366 0.727566
0.601208 0.709857
0.645050 0.707365
0.688901 0.681836
0.732801 0.682871
0.776778 0.676853
0.820797 0.656768
0.864798 0.662786
1.000000 0.687279
